MEME version 5.0.0

ALPHABET= ACGT

strands: + -

Background letter frequencies (from /homes/pkncsk/cluster_0720_WardD2/bg_down-model-1):
 A 0.323 C 0.177 G 0.177 T 0.323

MOTIF 1 GASCH-1

letter-probability matrix: alength= 4 w= 11 nsites= 116920
 0.313234  0.078892  0.494635  0.113239 
 0.833834  0.046820  0.094109  0.025237 
 0.972004  0.009073  0.010453  0.008470 
 0.974441  0.004147  0.004128  0.017283 
 0.931385  0.002749  0.016476  0.049391 
 0.484176  0.015824  0.015824  0.484176 
 0.049391  0.016476  0.002749  0.931385 
 0.017283  0.004128  0.004147  0.974441 
 0.008470  0.010453  0.009073  0.972004 
 0.025237  0.094109  0.046820  0.833834 
 0.113239  0.494635  0.078892  0.313234 


MOTIF 2 GASCH-2

letter-probability matrix: alength= 4 w= 11 nsites= 178 
 0.081012  0.074486  0.706585  0.137917 
 0.309946  0.569982  0.003404  0.116668 
 0.011976  0.029144  0.921271  0.037609 
 0.868039  0.088289  0.022071  0.021601 
 0.023783  0.009673  0.008706  0.957838 
 0.003837  0.080239  0.905197  0.010726 
 0.941138  0.022480  0.023624  0.012758 
 0.008876  0.038267  0.870150  0.082707 
 0.406704  0.441325  0.119950  0.032021 
 0.153962  0.002849  0.055567  0.787622 
 0.131570  0.133964  0.479238  0.255229 
