MEME version 4

ALPHABET= ACGT

strands: + -

Background letter frequencies (from uniform background):
A 0.25000 C 0.25000 G 0.25000 T 0.25000 

MOTIF M1 

letter-probability matrix: alength= 4 w= 13 nsites= 845 E= 0
  0.184615	  0.099408	  0.071006	  0.644970	
  0.657988	  0.068639	  0.142012	  0.131361	
  0.080473	  0.044970	  0.024852	  0.849704	
  1.000000	  0.000000	  0.000000	  0.000000	
  0.000000	  0.000000	  0.000000	  1.000000	
  1.000000	  0.000000	  0.000000	  0.000000	
  0.000000	  0.000000	  0.000000	  1.000000	
  1.000000	  0.000000	  0.000000	  0.000000	
  0.000000	  0.000000	  0.000000	  1.000000	
  1.000000	  0.000000	  0.000000	  0.000000	
  0.144379	  0.168047	  0.076923	  0.610651	
  0.344379	  0.115976	  0.240237	  0.299408	
  0.223669	  0.123077	  0.080473	  0.572781	

MOTIF M10 

letter-probability matrix: alength= 4 w= 14 nsites= 13 E= 0
  0.076923	  0.076923	  0.846154	  0.000000	
  0.076923	  0.076923	  0.000000	  0.846154	
  0.076923	  0.000000	  0.076923	  0.846154	
  0.000000	  0.000000	  0.000000	  1.000000	
  0.000000	  0.000000	  0.000000	  1.000000	
  0.000000	  0.000000	  1.000000	  0.000000	
  1.000000	  0.000000	  0.000000	  0.000000	
  0.000000	  0.000000	  0.000000	  1.000000	
  0.000000	  0.000000	  0.000000	  1.000000	
  0.000000	  0.000000	  0.000000	  1.000000	
  1.000000	  0.000000	  0.000000	  0.000000	
  0.000000	  0.000000	  1.000000	  0.000000	
  0.000000	  0.076923	  0.000000	  0.923077	
  0.076923	  0.076923	  0.846154	  0.000000	

MOTIF M11 

letter-probability matrix: alength= 4 w= 14 nsites= 106 E= 0
  0.283019	  0.132075	  0.066038	  0.518868	
  0.367925	  0.084906	  0.179245	  0.367925	
  0.273585	  0.141509	  0.094340	  0.490566	
  0.122642	  0.056604	  0.037736	  0.783019	
  1.000000	  0.000000	  0.000000	  0.000000	
  0.000000	  0.000000	  0.000000	  1.000000	
  0.000000	  0.000000	  0.000000	  1.000000	
  1.000000	  0.000000	  0.000000	  0.000000	
  0.000000	  0.000000	  0.000000	  1.000000	
  0.000000	  0.000000	  0.000000	  1.000000	
  1.000000	  0.000000	  0.000000	  0.000000	
  0.103774	  0.028302	  0.047170	  0.820755	
  0.132075	  0.056604	  0.047170	  0.764151	
  0.433962	  0.113208	  0.103774	  0.349057	

MOTIF M12 

letter-probability matrix: alength= 4 w= 14 nsites= 19 E= 0
  0.631579	  0.052632	  0.157895	  0.157895	
  0.105263	  0.526316	  0.052632	  0.315789	
  0.000000	  0.000000	  0.000000	  1.000000	
  0.000000	  0.000000	  1.000000	  0.000000	
  0.000000	  0.000000	  0.000000	  1.000000	
  0.000000	  0.000000	  0.000000	  1.000000	
  0.000000	  0.000000	  0.000000	  1.000000	
  0.000000	  0.000000	  0.000000	  1.000000	
  0.000000	  0.000000	  1.000000	  0.000000	
  1.000000	  0.000000	  0.000000	  0.000000	
  0.000000	  0.000000	  0.000000	  1.000000	
  0.052632	  0.000000	  0.000000	  0.947368	
  0.157895	  0.000000	  0.052632	  0.789474	
  0.631579	  0.157895	  0.000000	  0.210526	

MOTIF M13 

letter-probability matrix: alength= 4 w= 12 nsites= 8 E= 0
  0.000000	  0.000000	  0.000000	  1.000000	
  0.000000	  1.000000	  0.000000	  0.000000	
  1.000000	  0.000000	  0.000000	  0.000000	
  0.000000	  0.000000	  1.000000	  0.000000	
  0.000000	  0.000000	  0.000000	  1.000000	
  0.000000	  0.000000	  1.000000	  0.000000	
  1.000000	  0.000000	  0.000000	  0.000000	
  0.000000	  0.000000	  0.000000	  1.000000	
  0.000000	  0.000000	  0.000000	  1.000000	
  1.000000	  0.000000	  0.000000	  0.000000	
  0.000000	  0.000000	  0.000000	  1.000000	
  0.000000	  0.000000	  1.000000	  0.000000	

MOTIF M14 

letter-probability matrix: alength= 4 w= 13 nsites= 30 E= 0
  0.866667	  0.066667	  0.033333	  0.033333	
  0.000000	  0.000000	  1.000000	  0.000000	
  0.000000	  0.000000	  1.000000	  0.000000	
  1.000000	  0.000000	  0.000000	  0.000000	
  1.000000	  0.000000	  0.000000	  0.000000	
  1.000000	  0.000000	  0.000000	  0.000000	
  0.000000	  0.000000	  0.000000	  1.000000	
  0.000000	  0.000000	  0.000000	  1.000000	
  0.000000	  0.000000	  1.000000	  0.000000	
  0.133333	  0.133333	  0.100000	  0.633333	
  0.200000	  0.200000	  0.133333	  0.466667	
  0.300000	  0.133333	  0.433333	  0.133333	
  0.266667	  0.133333	  0.066667	  0.533333	

MOTIF M15 

letter-probability matrix: alength= 4 w= 13 nsites= 13 E= 0
  0.846154	  0.000000	  0.000000	  0.153846	
  0.076923	  0.000000	  0.000000	  0.923077	
  1.000000	  0.000000	  0.000000	  0.000000	
  0.000000	  0.000000	  0.000000	  1.000000	
  0.000000	  0.000000	  0.000000	  1.000000	
  0.000000	  0.000000	  1.000000	  0.000000	
  0.000000	  0.000000	  0.000000	  1.000000	
  1.000000	  0.000000	  0.000000	  0.000000	
  1.000000	  0.000000	  0.000000	  0.000000	
  0.000000	  0.000000	  1.000000	  0.000000	
  1.000000	  0.000000	  0.000000	  0.000000	
  0.846154	  0.076923	  0.076923	  0.000000	
  0.923077	  0.000000	  0.000000	  0.076923	

MOTIF M16 

letter-probability matrix: alength= 4 w= 12 nsites= 17 E= 0
  0.294118	  0.058824	  0.117647	  0.529412	
  0.176471	  0.647059	  0.117647	  0.058824	
  0.000000	  1.000000	  0.000000	  0.000000	
  0.000000	  0.000000	  1.000000	  0.000000	
  0.000000	  0.000000	  1.000000	  0.000000	
  0.000000	  0.000000	  1.000000	  0.000000	
  0.000000	  0.000000	  0.000000	  1.000000	
  1.000000	  0.000000	  0.000000	  0.000000	
  1.000000	  0.000000	  0.000000	  0.000000	
  0.000000	  0.000000	  1.000000	  0.000000	
  0.588235	  0.117647	  0.117647	  0.176471	
  0.058824	  0.000000	  0.588235	  0.352941	

MOTIF M17 

letter-probability matrix: alength= 4 w= 12 nsites= 156 E= 0
  0.442308	  0.185897	  0.134615	  0.237179	
  0.435897	  0.121795	  0.121795	  0.320513	
  1.000000	  0.000000	  0.000000	  0.000000	
  0.000000	  0.000000	  0.000000	  1.000000	
  1.000000	  0.000000	  0.000000	  0.000000	
  1.000000	  0.000000	  0.000000	  0.000000	
  1.000000	  0.000000	  0.000000	  0.000000	
  1.000000	  0.000000	  0.000000	  0.000000	
  1.000000	  0.000000	  0.000000	  0.000000	
  0.000000	  0.000000	  1.000000	  0.000000	
  0.423077	  0.166667	  0.153846	  0.256410	
  0.435897	  0.198718	  0.153846	  0.211538	

MOTIF M18 

letter-probability matrix: alength= 4 w= 12 nsites= 61 E= 0
  0.377049	  0.081967	  0.344262	  0.196721	
  0.655738	  0.114754	  0.081967	  0.147541	
  0.163934	  0.098361	  0.163934	  0.573770	
  1.000000	  0.000000	  0.000000	  0.000000	
  1.000000	  0.000000	  0.000000	  0.000000	
  1.000000	  0.000000	  0.000000	  0.000000	
  1.000000	  0.000000	  0.000000	  0.000000	
  1.000000	  0.000000	  0.000000	  0.000000	
  0.000000	  0.000000	  1.000000	  0.000000	
  1.000000	  0.000000	  0.000000	  0.000000	
  0.000000	  1.000000	  0.000000	  0.000000	
  0.852459	  0.000000	  0.049180	  0.098361	

MOTIF M19 

letter-probability matrix: alength= 4 w= 10 nsites= 16 E= 0
  0.750000	  0.125000	  0.062500	  0.062500	
  0.000000	  1.000000	  0.000000	  0.000000	
  1.000000	  0.000000	  0.000000	  0.000000	
  1.000000	  0.000000	  0.000000	  0.000000	
  0.000000	  0.000000	  1.000000	  0.000000	
  0.000000	  0.000000	  0.000000	  1.000000	
  0.000000	  0.000000	  1.000000	  0.000000	
  0.000000	  0.000000	  1.000000	  0.000000	
  0.000000	  0.000000	  1.000000	  0.000000	
  0.562500	  0.062500	  0.000000	  0.375000	

MOTIF M2 

letter-probability matrix: alength= 4 w= 13 nsites= 13 E= 0
  0.076923	  0.076923	  0.769231	  0.076923	
  0.000000	  0.076923	  0.000000	  0.923077	
  0.923077	  0.000000	  0.000000	  0.076923	
  0.000000	  0.000000	  0.000000	  1.000000	
  0.000000	  0.000000	  0.000000	  1.000000	
  0.000000	  0.000000	  1.000000	  0.000000	
  0.000000	  0.000000	  0.000000	  1.000000	
  0.000000	  0.000000	  1.000000	  0.000000	
  0.000000	  0.000000	  0.000000	  1.000000	
  1.000000	  0.000000	  0.000000	  0.000000	
  0.000000	  0.000000	  1.000000	  0.000000	
  0.000000	  0.076923	  0.000000	  0.923077	
  0.846154	  0.000000	  0.000000	  0.153846	

MOTIF M20 

letter-probability matrix: alength= 4 w= 10 nsites= 27 E= 0
  0.481481	  0.074074	  0.111111	  0.333333	
  0.000000	  1.000000	  0.000000	  0.000000	
  0.000000	  0.000000	  0.000000	  1.000000	
  1.000000	  0.000000	  0.000000	  0.000000	
  0.000000	  1.000000	  0.000000	  0.000000	
  0.000000	  0.000000	  0.000000	  1.000000	
  0.000000	  0.000000	  0.000000	  1.000000	
  0.000000	  1.000000	  0.000000	  0.000000	
  1.000000	  0.000000	  0.000000	  0.000000	
  0.296296	  0.000000	  0.555556	  0.148148	

MOTIF M21 

letter-probability matrix: alength= 4 w= 10 nsites= 9 E= 0
  0.888889	  0.000000	  0.000000	  0.111111	
  0.000000	  0.000000	  0.000000	  1.000000	
  0.000000	  0.000000	  1.000000	  0.000000	
  1.000000	  0.000000	  0.000000	  0.000000	
  0.000000	  0.000000	  1.000000	  0.000000	
  0.000000	  0.000000	  1.000000	  0.000000	
  0.000000	  0.000000	  1.000000	  0.000000	
  0.000000	  1.000000	  0.000000	  0.000000	
  0.000000	  0.000000	  0.000000	  1.000000	
  1.000000	  0.000000	  0.000000	  0.000000	

MOTIF M22 

letter-probability matrix: alength= 4 w= 13 nsites= 28 E= 0
  0.071429	  0.178571	  0.071429	  0.678571	
  0.178571	  0.357143	  0.071429	  0.392857	
  0.071429	  0.107143	  0.107143	  0.714286	
  0.107143	  0.678571	  0.000000	  0.214286	
  0.000000	  0.000000	  0.000000	  1.000000	
  0.000000	  1.000000	  0.000000	  0.000000	
  0.000000	  0.000000	  0.000000	  1.000000	
  0.000000	  1.000000	  0.000000	  0.000000	
  0.000000	  0.000000	  0.000000	  1.000000	
  0.000000	  1.000000	  0.000000	  0.000000	
  0.000000	  0.000000	  0.000000	  1.000000	
  0.071429	  0.750000	  0.000000	  0.178571	
  0.142857	  0.178571	  0.142857	  0.535714	

MOTIF M23 

letter-probability matrix: alength= 4 w= 10 nsites= 14 E= 0
  0.571429	  0.071429	  0.071429	  0.285714	
  1.000000	  0.000000	  0.000000	  0.000000	
  0.000000	  0.000000	  1.000000	  0.000000	
  1.000000	  0.000000	  0.000000	  0.000000	
  0.000000	  1.000000	  0.000000	  0.000000	
  1.000000	  0.000000	  0.000000	  0.000000	
  1.000000	  0.000000	  0.000000	  0.000000	
  0.000000	  0.000000	  0.000000	  1.000000	
  0.000000	  1.000000	  0.000000	  0.000000	
  0.000000	  0.000000	  0.000000	  1.000000	

MOTIF M24 

letter-probability matrix: alength= 4 w= 9 nsites= 227 E= 0
  0.000000	  0.000000	  0.000000	  1.000000	
  0.000000	  0.000000	  1.000000	  0.000000	
  0.000000	  0.000000	  0.000000	  1.000000	
  1.000000	  0.000000	  0.000000	  0.000000	
  0.000000	  0.000000	  0.000000	  1.000000	
  1.000000	  0.000000	  0.000000	  0.000000	
  0.656388	  0.000000	  0.000000	  0.343612	
  0.000000	  0.000000	  0.000000	  1.000000	
  0.643172	  0.066079	  0.105727	  0.185022	

MOTIF M25 

letter-probability matrix: alength= 4 w= 20 nsites= 44 E= 0
  0.363636	  0.159091	  0.045455	  0.431818	
  0.363636	  0.113636	  0.318182	  0.204545	
  0.318182	  0.045455	  0.113636	  0.522727	
  0.159091	  0.022727	  0.659091	  0.159091	
  0.659091	  0.090909	  0.045455	  0.204545	
  0.068182	  0.022727	  0.090909	  0.818182	
  0.045455	  0.045455	  0.045455	  0.863636	
  0.863636	  0.022727	  0.000000	  0.113636	
  0.045455	  0.000000	  0.068182	  0.886364	
  0.000000	  0.000000	  1.000000	  0.000000	
  0.000000	  0.000000	  0.000000	  1.000000	
  1.000000	  0.000000	  0.000000	  0.000000	
  0.113636	  0.045455	  0.022727	  0.818182	
  0.045455	  0.113636	  0.068182	  0.772727	
  0.113636	  0.022727	  0.727273	  0.136364	
  0.068182	  0.045455	  0.068182	  0.818182	
  0.113636	  0.068182	  0.590909	  0.227273	
  0.250000	  0.159091	  0.068182	  0.522727	
  0.431818	  0.068182	  0.159091	  0.340909	
  0.295455	  0.181818	  0.295455	  0.227273	

MOTIF M26 

letter-probability matrix: alength= 4 w= 9 nsites= 10 E= 0
  0.000000	  0.000000	  1.000000	  0.000000	
  0.000000	  0.000000	  0.000000	  1.000000	
  0.000000	  0.000000	  1.000000	  0.000000	
  0.000000	  0.000000	  1.000000	  0.000000	
  0.000000	  0.000000	  0.000000	  1.000000	
  1.000000	  0.000000	  0.000000	  0.000000	
  0.000000	  0.000000	  0.000000	  1.000000	
  0.000000	  0.000000	  1.000000	  0.000000	
  0.000000	  0.000000	  0.000000	  1.000000	

MOTIF M27 

letter-probability matrix: alength= 4 w= 9 nsites= 10 E= 0
  0.000000	  0.000000	  0.000000	  1.000000	
  0.000000	  0.000000	  1.000000	  0.000000	
  0.000000	  0.000000	  1.000000	  0.000000	
  0.000000	  0.000000	  1.000000	  0.000000	
  0.000000	  0.000000	  0.000000	  1.000000	
  0.000000	  0.000000	  1.000000	  0.000000	
  0.000000	  0.000000	  1.000000	  0.000000	
  0.000000	  0.000000	  0.000000	  1.000000	
  1.000000	  0.000000	  0.000000	  0.000000	

MOTIF M28 

letter-probability matrix: alength= 4 w= 8 nsites= 10 E= 0
  0.000000	  1.000000	  0.000000	  0.000000	
  0.000000	  0.000000	  1.000000	  0.000000	
  0.000000	  1.000000	  0.000000	  0.000000	
  0.000000	  0.000000	  0.000000	  1.000000	
  1.000000	  0.000000	  0.000000	  0.000000	
  0.000000	  0.000000	  0.000000	  1.000000	
  0.000000	  0.000000	  0.000000	  1.000000	
  0.000000	  0.000000	  1.000000	  0.000000	

MOTIF M29 

letter-probability matrix: alength= 4 w= 8 nsites= 10 E= 0
  0.000000	  0.000000	  0.000000	  1.000000	
  0.000000	  1.000000	  0.000000	  0.000000	
  1.000000	  0.000000	  0.000000	  0.000000	
  0.000000	  0.000000	  0.000000	  1.000000	
  0.000000	  0.000000	  1.000000	  0.000000	
  0.000000	  0.000000	  0.000000	  1.000000	
  1.000000	  0.000000	  0.000000	  0.000000	
  0.000000	  0.000000	  0.000000	  1.000000	

MOTIF M3 

letter-probability matrix: alength= 4 w= 12 nsites= 19 E= 0
  1.000000	  0.000000	  0.000000	  0.000000	
  0.000000	  0.000000	  0.000000	  1.000000	
  0.000000	  0.000000	  1.000000	  0.000000	
  0.000000	  0.000000	  0.000000	  1.000000	
  1.000000	  0.000000	  0.000000	  0.000000	
  0.000000	  0.000000	  1.000000	  0.000000	
  0.000000	  0.000000	  0.000000	  1.000000	
  1.000000	  0.000000	  0.000000	  0.000000	
  0.000000	  0.000000	  1.000000	  0.000000	
  0.105263	  0.052632	  0.157895	  0.684211	
  0.736842	  0.105263	  0.000000	  0.157895	
  0.157895	  0.157895	  0.157895	  0.526316	

MOTIF M30 

letter-probability matrix: alength= 4 w= 12 nsites= 10 E= 0
  0.000000	  0.000000	  0.000000	  1.000000	
  1.000000	  0.000000	  0.000000	  0.000000	
  1.000000	  0.000000	  0.000000	  0.000000	
  1.000000	  0.000000	  0.000000	  0.000000	
  1.000000	  0.000000	  0.000000	  0.000000	
  1.000000	  0.000000	  0.000000	  0.000000	
  0.000000	  0.000000	  1.000000	  0.000000	
  0.000000	  0.000000	  0.000000	  1.000000	
  1.000000	  0.000000	  0.000000	  0.000000	
  1.000000	  0.000000	  0.000000	  0.000000	
  1.000000	  0.000000	  0.000000	  0.000000	
  0.000000	  1.000000	  0.000000	  0.000000	

MOTIF M31 

letter-probability matrix: alength= 4 w= 8 nsites= 10 E= 0
  0.000000	  1.000000	  0.000000	  0.000000	
  1.000000	  0.000000	  0.000000	  0.000000	
  0.000000	  0.000000	  1.000000	  0.000000	
  0.000000	  1.000000	  0.000000	  0.000000	
  1.000000	  0.000000	  0.000000	  0.000000	
  1.000000	  0.000000	  0.000000	  0.000000	
  0.000000	  1.000000	  0.000000	  0.000000	
  0.000000	  0.000000	  0.000000	  1.000000	

MOTIF M32 

letter-probability matrix: alength= 4 w= 10 nsites= 10 E= 0
  1.000000	  0.000000	  0.000000	  0.000000	
  1.000000	  0.000000	  0.000000	  0.000000	
  0.000000	  0.000000	  0.000000	  1.000000	
  0.000000	  1.000000	  0.000000	  0.000000	
  1.000000	  0.000000	  0.000000	  0.000000	
  1.000000	  0.000000	  0.000000	  0.000000	
  1.000000	  0.000000	  0.000000	  0.000000	
  0.000000	  0.000000	  0.000000	  1.000000	
  0.000000	  0.000000	  0.000000	  1.000000	
  0.000000	  1.000000	  0.000000	  0.000000	

MOTIF M33 

letter-probability matrix: alength= 4 w= 9 nsites= 10 E= 0
  1.000000	  0.000000	  0.000000	  0.000000	
  0.000000	  0.000000	  0.000000	  1.000000	
  1.000000	  0.000000	  0.000000	  0.000000	
  0.000000	  1.000000	  0.000000	  0.000000	
  0.000000	  0.000000	  1.000000	  0.000000	
  0.000000	  0.000000	  1.000000	  0.000000	
  0.000000	  0.000000	  0.000000	  1.000000	
  0.000000	  0.000000	  1.000000	  0.000000	
  0.000000	  0.000000	  0.000000	  1.000000	

MOTIF M34 

letter-probability matrix: alength= 4 w= 8 nsites= 10 E= 0
  1.000000	  0.000000	  0.000000	  0.000000	
  0.000000	  1.000000	  0.000000	  0.000000	
  0.000000	  0.000000	  1.000000	  0.000000	
  0.000000	  0.000000	  0.000000	  1.000000	
  0.000000	  0.000000	  0.000000	  1.000000	
  0.000000	  0.000000	  1.000000	  0.000000	
  0.000000	  1.000000	  0.000000	  0.000000	
  0.000000	  0.000000	  0.000000	  1.000000	

MOTIF M35 

letter-probability matrix: alength= 4 w= 8 nsites= 10 E= 0
  0.000000	  0.000000	  0.000000	  1.000000	
  0.000000	  1.000000	  0.000000	  0.000000	
  0.000000	  0.000000	  0.000000	  1.000000	
  0.000000	  0.000000	  0.000000	  1.000000	
  0.000000	  0.000000	  0.000000	  1.000000	
  0.000000	  1.000000	  0.000000	  0.000000	
  0.000000	  1.000000	  0.000000	  0.000000	
  0.000000	  0.000000	  1.000000	  0.000000	

MOTIF M36 

letter-probability matrix: alength= 4 w= 18 nsites= 36 E= 0
  0.194444	  0.138889	  0.027778	  0.638889	
  0.194444	  0.194444	  0.111111	  0.500000	
  0.166667	  0.194444	  0.111111	  0.527778	
  0.027778	  0.111111	  0.138889	  0.722222	
  0.055556	  0.083333	  0.083333	  0.777778	
  0.000000	  0.083333	  0.027778	  0.888889	
  0.000000	  0.000000	  0.000000	  1.000000	
  0.000000	  1.000000	  0.000000	  0.000000	
  0.000000	  0.000000	  0.000000	  1.000000	
  1.000000	  0.000000	  0.000000	  0.000000	
  0.000000	  0.000000	  1.000000	  0.000000	
  0.000000	  0.000000	  1.000000	  0.000000	
  0.055556	  0.111111	  0.694444	  0.138889	
  0.500000	  0.083333	  0.111111	  0.305556	
  0.555556	  0.055556	  0.166667	  0.222222	
  0.277778	  0.111111	  0.138889	  0.472222	
  0.444444	  0.166667	  0.166667	  0.222222	
  0.194444	  0.166667	  0.055556	  0.583333	

MOTIF M37 

letter-probability matrix: alength= 4 w= 20 nsites= 60 E= 0
  0.183333	  0.133333	  0.133333	  0.550000	
  0.350000	  0.066667	  0.183333	  0.400000	
  0.233333	  0.166667	  0.350000	  0.250000	
  0.216667	  0.116667	  0.250000	  0.416667	
  0.100000	  0.033333	  0.766667	  0.100000	
  0.016667	  0.033333	  0.000000	  0.950000	
  0.016667	  0.016667	  0.016667	  0.950000	
  0.000000	  0.033333	  0.000000	  0.966667	
  0.000000	  0.000000	  0.983333	  0.016667	
  0.000000	  0.000000	  0.000000	  1.000000	
  0.000000	  0.000000	  0.000000	  1.000000	
  0.000000	  0.000000	  1.000000	  0.000000	
  0.150000	  0.500000	  0.133333	  0.216667	
  0.583333	  0.116667	  0.083333	  0.216667	
  0.116667	  0.416667	  0.066667	  0.400000	
  0.150000	  0.100000	  0.400000	  0.350000	
  0.216667	  0.166667	  0.250000	  0.366667	
  0.266667	  0.350000	  0.116667	  0.266667	
  0.333333	  0.200000	  0.033333	  0.433333	
  0.183333	  0.166667	  0.333333	  0.316667	

MOTIF M38 

letter-probability matrix: alength= 4 w= 27 nsites= 45 E= 0
  0.377778	  0.066667	  0.133333	  0.422222	
  0.244444	  0.133333	  0.222222	  0.400000	
  0.244444	  0.133333	  0.422222	  0.200000	
  0.288889	  0.377778	  0.111111	  0.222222	
  0.488889	  0.222222	  0.111111	  0.177778	
  0.266667	  0.377778	  0.133333	  0.222222	
  0.177778	  0.155556	  0.422222	  0.244444	
  0.222222	  0.111111	  0.488889	  0.177778	
  0.155556	  0.422222	  0.133333	  0.288889	
  0.555556	  0.088889	  0.066667	  0.288889	
  0.155556	  0.111111	  0.511111	  0.222222	
  0.111111	  0.066667	  0.177778	  0.644444	
  0.711111	  0.177778	  0.044444	  0.066667	
  0.222222	  0.111111	  0.577778	  0.088889	
  0.222222	  0.577778	  0.022222	  0.177778	
  0.133333	  0.088889	  0.622222	  0.155556	
  0.733333	  0.044444	  0.066667	  0.155556	
  0.088889	  0.000000	  0.844444	  0.066667	
  0.733333	  0.066667	  0.177778	  0.022222	
  0.088889	  0.022222	  0.755556	  0.133333	
  0.777778	  0.044444	  0.044444	  0.133333	
  0.111111	  0.711111	  0.044444	  0.133333	
  0.755556	  0.066667	  0.088889	  0.088889	
  0.822222	  0.044444	  0.022222	  0.111111	
  0.111111	  0.088889	  0.666667	  0.133333	
  0.266667	  0.088889	  0.022222	  0.622222	
  0.177778	  0.044444	  0.488889	  0.288889	

MOTIF M39 

letter-probability matrix: alength= 4 w= 18 nsites= 45 E= 0
  0.222222	  0.022222	  0.622222	  0.133333	
  0.088889	  0.044444	  0.066667	  0.800000	
  0.666667	  0.088889	  0.066667	  0.177778	
  0.022222	  0.044444	  0.044444	  0.888889	
  0.888889	  0.044444	  0.000000	  0.066667	
  0.088889	  0.022222	  0.844444	  0.044444	
  0.000000	  0.000000	  0.000000	  1.000000	
  1.000000	  0.000000	  0.000000	  0.000000	
  0.000000	  0.000000	  0.000000	  1.000000	
  0.866667	  0.022222	  0.066667	  0.044444	
  0.111111	  0.022222	  0.133333	  0.733333	
  0.177778	  0.066667	  0.044444	  0.711111	
  0.155556	  0.000000	  0.666667	  0.177778	
  0.222222	  0.022222	  0.066667	  0.688889	
  0.622222	  0.133333	  0.066667	  0.177778	
  0.644444	  0.044444	  0.066667	  0.244444	
  0.244444	  0.066667	  0.244444	  0.444444	
  0.666667	  0.066667	  0.111111	  0.155556	

MOTIF M4 

letter-probability matrix: alength= 4 w= 12 nsites= 25 E= 0
  0.520000	  0.120000	  0.080000	  0.280000	
  0.000000	  0.000000	  1.000000	  0.000000	
  0.000000	  0.000000	  0.000000	  1.000000	
  1.000000	  0.000000	  0.000000	  0.000000	
  0.000000	  0.000000	  1.000000	  0.000000	
  0.000000	  0.000000	  0.000000	  1.000000	
  1.000000	  0.000000	  0.000000	  0.000000	
  0.000000	  0.000000	  0.000000	  1.000000	
  0.000000	  0.000000	  0.000000	  1.000000	
  0.000000	  0.000000	  0.000000	  1.000000	
  0.320000	  0.400000	  0.120000	  0.160000	
  0.600000	  0.080000	  0.160000	  0.160000	

MOTIF M40 

letter-probability matrix: alength= 4 w= 17 nsites= 30 E= 0
  0.266667	  0.033333	  0.166667	  0.533333	
  0.233333	  0.100000	  0.500000	  0.166667	
  0.133333	  0.133333	  0.166667	  0.566667	
  0.166667	  0.066667	  0.166667	  0.600000	
  0.966667	  0.000000	  0.000000	  0.033333	
  0.000000	  0.933333	  0.066667	  0.000000	
  0.000000	  0.000000	  1.000000	  0.000000	
  1.000000	  0.000000	  0.000000	  0.000000	
  1.000000	  0.000000	  0.000000	  0.000000	
  1.000000	  0.000000	  0.000000	  0.000000	
  0.000000	  0.000000	  1.000000	  0.000000	
  0.066667	  0.033333	  0.033333	  0.866667	
  0.266667	  0.500000	  0.166667	  0.066667	
  0.666667	  0.133333	  0.066667	  0.133333	
  0.233333	  0.233333	  0.433333	  0.100000	
  0.300000	  0.133333	  0.100000	  0.466667	
  0.300000	  0.133333	  0.466667	  0.100000	

MOTIF M41 

letter-probability matrix: alength= 4 w= 17 nsites= 38 E= 0
  0.473684	  0.236842	  0.078947	  0.210526	
  0.210526	  0.105263	  0.394737	  0.289474	
  0.157895	  0.105263	  0.631579	  0.105263	
  0.078947	  0.105263	  0.552632	  0.263158	
  0.026316	  0.921053	  0.052632	  0.000000	
  0.026316	  0.000000	  0.000000	  0.973684	
  0.000000	  0.026316	  0.000000	  0.973684	
  0.000000	  0.000000	  1.000000	  0.000000	
  0.000000	  0.000000	  1.000000	  0.000000	
  0.973684	  0.026316	  0.000000	  0.000000	
  0.131579	  0.157895	  0.684211	  0.026316	
  0.078947	  0.000000	  0.763158	  0.157895	
  0.473684	  0.157895	  0.236842	  0.131579	
  0.131579	  0.184211	  0.447368	  0.236842	
  0.368421	  0.157895	  0.210526	  0.263158	
  0.210526	  0.315789	  0.184211	  0.289474	
  0.131579	  0.210526	  0.421053	  0.236842	

MOTIF M42 

letter-probability matrix: alength= 4 w= 19 nsites= 30 E= 0
  0.566667	  0.100000	  0.200000	  0.133333	
  0.200000	  0.066667	  0.533333	  0.200000	
  0.200000	  0.166667	  0.366667	  0.266667	
  0.166667	  0.100000	  0.533333	  0.200000	
  0.100000	  0.600000	  0.033333	  0.266667	
  0.166667	  0.033333	  0.066667	  0.733333	
  0.666667	  0.133333	  0.033333	  0.166667	
  0.266667	  0.100000	  0.000000	  0.633333	
  0.033333	  0.066667	  0.000000	  0.900000	
  0.033333	  0.033333	  0.066667	  0.866667	
  1.000000	  0.000000	  0.000000	  0.000000	
  0.000000	  0.000000	  1.000000	  0.000000	
  0.000000	  0.000000	  1.000000	  0.000000	
  0.066667	  0.000000	  0.866667	  0.066667	
  0.066667	  0.866667	  0.033333	  0.033333	
  0.066667	  0.033333	  0.000000	  0.900000	
  0.733333	  0.100000	  0.033333	  0.133333	
  0.166667	  0.133333	  0.033333	  0.666667	
  0.200000	  0.033333	  0.300000	  0.466667	

MOTIF M43 

letter-probability matrix: alength= 4 w= 17 nsites= 82 E= 0
  0.280488	  0.121951	  0.109756	  0.487805	
  0.219512	  0.134146	  0.219512	  0.426829	
  0.256098	  0.097561	  0.304878	  0.341463	
  0.280488	  0.097561	  0.109756	  0.512195	
  0.182927	  0.097561	  0.378049	  0.341463	
  0.134146	  0.146341	  0.134146	  0.585366	
  0.560976	  0.036585	  0.024390	  0.378049	
  0.000000	  0.000000	  1.000000	  0.000000	
  0.000000	  0.000000	  0.000000	  1.000000	
  1.000000	  0.000000	  0.000000	  0.000000	
  0.000000	  0.000000	  0.000000	  1.000000	
  0.902439	  0.024390	  0.024390	  0.048780	
  0.024390	  0.036585	  0.890244	  0.048780	
  0.036585	  0.024390	  0.024390	  0.914634	
  0.780488	  0.036585	  0.024390	  0.158537	
  0.243902	  0.158537	  0.170732	  0.426829	
  0.475610	  0.109756	  0.158537	  0.256098	

MOTIF M44 

letter-probability matrix: alength= 4 w= 14 nsites= 83 E= 0
  0.542169	  0.084337	  0.156627	  0.216867	
  0.409639	  0.096386	  0.204819	  0.289157	
  0.975904	  0.012048	  0.012048	  0.000000	
  1.000000	  0.000000	  0.000000	  0.000000	
  0.975904	  0.024096	  0.000000	  0.000000	
  1.000000	  0.000000	  0.000000	  0.000000	
  0.000000	  0.000000	  0.000000	  1.000000	
  1.000000	  0.000000	  0.000000	  0.000000	
  1.000000	  0.000000	  0.000000	  0.000000	
  1.000000	  0.000000	  0.000000	  0.000000	
  0.024096	  0.000000	  0.975904	  0.000000	
  0.337349	  0.096386	  0.337349	  0.228916	
  0.445783	  0.132530	  0.132530	  0.289157	
  0.530120	  0.108434	  0.144578	  0.216867	

MOTIF M45 

letter-probability matrix: alength= 4 w= 14 nsites= 14 E= 0
  0.642857	  0.071429	  0.142857	  0.142857	
  0.785714	  0.071429	  0.071429	  0.071429	
  0.785714	  0.000000	  0.071429	  0.142857	
  0.000000	  0.000000	  1.000000	  0.000000	
  0.000000	  0.000000	  0.000000	  1.000000	
  0.000000	  1.000000	  0.000000	  0.000000	
  1.000000	  0.000000	  0.000000	  0.000000	
  0.000000	  0.000000	  1.000000	  0.000000	
  0.000000	  0.000000	  0.000000	  1.000000	
  0.000000	  0.000000	  1.000000	  0.000000	
  0.857143	  0.071429	  0.071429	  0.000000	
  0.000000	  0.000000	  0.000000	  1.000000	
  0.000000	  0.000000	  0.071429	  0.928571	
  0.642857	  0.071429	  0.071429	  0.214286	

MOTIF M46 

letter-probability matrix: alength= 4 w= 17 nsites= 23 E= 0
  0.652174	  0.130435	  0.086957	  0.130435	
  0.652174	  0.086957	  0.043478	  0.217391	
  0.130435	  0.130435	  0.000000	  0.739130	
  0.217391	  0.043478	  0.086957	  0.652174	
  0.130435	  0.043478	  0.739130	  0.086957	
  0.086957	  0.000000	  0.086957	  0.826087	
  0.173913	  0.000000	  0.086957	  0.739130	
  0.000000	  0.000000	  1.000000	  0.000000	
  0.000000	  0.000000	  0.000000	  1.000000	
  0.000000	  0.000000	  0.000000	  1.000000	
  1.000000	  0.000000	  0.000000	  0.000000	
  0.000000	  0.913043	  0.000000	  0.086957	
  0.043478	  0.000000	  0.913043	  0.043478	
  0.869565	  0.000000	  0.000000	  0.130435	
  0.826087	  0.043478	  0.043478	  0.086957	
  0.826087	  0.000000	  0.000000	  0.173913	
  0.217391	  0.086957	  0.478261	  0.217391	

MOTIF M47 

letter-probability matrix: alength= 4 w= 16 nsites= 22 E= 0
  0.545455	  0.045455	  0.045455	  0.363636	
  0.181818	  0.045455	  0.090909	  0.681818	
  0.136364	  0.045455	  0.636364	  0.181818	
  0.090909	  0.636364	  0.181818	  0.090909	
  0.181818	  0.090909	  0.590909	  0.136364	
  0.000000	  0.000000	  0.000000	  1.000000	
  0.000000	  0.000000	  0.000000	  1.000000	
  0.000000	  0.000000	  0.000000	  1.000000	
  0.000000	  0.000000	  0.000000	  1.000000	
  0.000000	  0.000000	  1.000000	  0.000000	
  1.000000	  0.000000	  0.000000	  0.000000	
  0.045455	  0.000000	  0.045455	  0.909091	
  0.045455	  0.000000	  0.863636	  0.090909	
  0.090909	  0.045455	  0.000000	  0.863636	
  0.909091	  0.045455	  0.000000	  0.045455	
  0.318182	  0.045455	  0.590909	  0.045455	

MOTIF M48 

letter-probability matrix: alength= 4 w= 11 nsites= 9 E= 0
  0.000000	  0.000000	  0.000000	  1.000000	
  0.000000	  0.000000	  0.000000	  1.000000	
  0.000000	  0.000000	  1.000000	  0.000000	
  1.000000	  0.000000	  0.000000	  0.000000	
  1.000000	  0.000000	  0.000000	  0.000000	
  0.000000	  1.000000	  0.000000	  0.000000	
  1.000000	  0.000000	  0.000000	  0.000000	
  0.000000	  0.000000	  0.000000	  1.000000	
  0.000000	  1.000000	  0.000000	  0.000000	
  0.000000	  1.000000	  0.000000	  0.000000	
  0.111111	  0.000000	  0.888889	  0.000000	

MOTIF M49 

letter-probability matrix: alength= 4 w= 18 nsites= 23 E= 0
  0.043478	  0.521739	  0.173913	  0.260870	
  0.260870	  0.043478	  0.130435	  0.565217	
  0.565217	  0.086957	  0.086957	  0.260870	
  0.130435	  0.086957	  0.608696	  0.173913	
  0.086957	  0.086957	  0.695652	  0.130435	
  0.130435	  0.086957	  0.739130	  0.043478	
  0.782609	  0.000000	  0.043478	  0.173913	
  1.000000	  0.000000	  0.000000	  0.000000	
  0.000000	  0.000000	  0.000000	  1.000000	
  0.956522	  0.000000	  0.043478	  0.000000	
  0.043478	  0.000000	  0.000000	  0.956522	
  0.043478	  0.000000	  0.956522	  0.000000	
  0.086957	  0.826087	  0.000000	  0.086957	
  0.086957	  0.043478	  0.826087	  0.043478	
  0.086957	  0.000000	  0.086957	  0.826087	
  0.130435	  0.000000	  0.173913	  0.695652	
  0.086957	  0.173913	  0.043478	  0.695652	
  0.260870	  0.086957	  0.043478	  0.608696	

MOTIF M5 

letter-probability matrix: alength= 4 w= 14 nsites= 136 E= 0
  0.500000	  0.110294	  0.132353	  0.257353	
  0.448529	  0.117647	  0.095588	  0.338235	
  0.470588	  0.169118	  0.102941	  0.257353	
  0.514706	  0.125000	  0.117647	  0.242647	
  0.000000	  0.000000	  1.000000	  0.000000	
  0.000000	  0.000000	  0.000000	  1.000000	
  1.000000	  0.000000	  0.000000	  0.000000	
  1.000000	  0.000000	  0.000000	  0.000000	
  1.000000	  0.000000	  0.000000	  0.000000	
  0.838235	  0.161765	  0.000000	  0.000000	
  1.000000	  0.000000	  0.000000	  0.000000	
  0.000000	  0.000000	  0.000000	  1.000000	
  0.492647	  0.080882	  0.205882	  0.220588	
  0.470588	  0.073529	  0.095588	  0.360294	

MOTIF M50 

letter-probability matrix: alength= 4 w= 14 nsites= 23 E= 0
  0.173913	  0.086957	  0.652174	  0.086957	
  0.913043	  0.000000	  0.043478	  0.043478	
  0.086957	  0.695652	  0.000000	  0.217391	
  0.000000	  0.956522	  0.000000	  0.043478	
  0.000000	  1.000000	  0.000000	  0.000000	
  1.000000	  0.000000	  0.000000	  0.000000	
  1.000000	  0.000000	  0.000000	  0.000000	
  0.000000	  1.000000	  0.000000	  0.000000	
  0.000000	  0.086957	  0.043478	  0.869565	
  0.652174	  0.043478	  0.173913	  0.130435	
  0.304348	  0.565217	  0.000000	  0.130435	
  0.173913	  0.000000	  0.086957	  0.739130	
  0.260870	  0.086957	  0.043478	  0.608696	
  0.130435	  0.652174	  0.086957	  0.130435	

MOTIF M51 

letter-probability matrix: alength= 4 w= 16 nsites= 63 E= 0
  0.555556	  0.047619	  0.111111	  0.285714	
  0.253968	  0.126984	  0.111111	  0.507937	
  0.507937	  0.063492	  0.095238	  0.333333	
  0.555556	  0.095238	  0.095238	  0.253968	
  0.603175	  0.095238	  0.095238	  0.206349	
  0.238095	  0.063492	  0.444444	  0.253968	
  0.222222	  0.079365	  0.492063	  0.206349	
  0.000000	  0.000000	  0.000000	  1.000000	
  1.000000	  0.000000	  0.000000	  0.000000	
  0.000000	  0.000000	  1.000000	  0.000000	
  0.000000	  0.000000	  0.000000	  1.000000	
  0.841270	  0.015873	  0.095238	  0.047619	
  0.873016	  0.000000	  0.031746	  0.095238	
  0.015873	  0.063492	  0.809524	  0.111111	
  0.031746	  0.047619	  0.031746	  0.888889	
  0.587302	  0.079365	  0.079365	  0.253968	

MOTIF M52 

letter-probability matrix: alength= 4 w= 13 nsites= 19 E= 0
  0.000000	  1.000000	  0.000000	  0.000000	
  0.263158	  0.105263	  0.052632	  0.578947	
  0.000000	  0.000000	  0.000000	  1.000000	
  0.000000	  1.000000	  0.000000	  0.000000	
  0.263158	  0.315789	  0.105263	  0.315789	
  0.000000	  0.000000	  0.000000	  1.000000	
  0.000000	  1.000000	  0.000000	  0.000000	
  0.263158	  0.000000	  0.000000	  0.736842	
  0.000000	  0.000000	  0.000000	  1.000000	
  0.000000	  1.000000	  0.000000	  0.000000	
  0.315789	  0.368421	  0.157895	  0.157895	
  0.000000	  0.000000	  0.000000	  1.000000	
  0.157895	  0.210526	  0.000000	  0.631579	

MOTIF M53 

letter-probability matrix: alength= 4 w= 19 nsites= 32 E= 0
  0.000000	  0.000000	  1.000000	  0.000000	
  0.437500	  0.093750	  0.125000	  0.343750	
  0.375000	  0.000000	  0.625000	  0.000000	
  0.000000	  0.000000	  1.000000	  0.000000	
  0.500000	  0.093750	  0.312500	  0.093750	
  1.000000	  0.000000	  0.000000	  0.000000	
  1.000000	  0.000000	  0.000000	  0.000000	
  1.000000	  0.000000	  0.000000	  0.000000	
  0.437500	  0.093750	  0.312500	  0.156250	
  1.000000	  0.000000	  0.000000	  0.000000	
  0.406250	  0.062500	  0.343750	  0.187500	
  0.468750	  0.093750	  0.093750	  0.343750	
  0.531250	  0.093750	  0.125000	  0.250000	
  0.437500	  0.031250	  0.406250	  0.125000	
  0.406250	  0.156250	  0.312500	  0.125000	
  1.000000	  0.000000	  0.000000	  0.000000	
  0.437500	  0.093750	  0.156250	  0.312500	
  1.000000	  0.000000	  0.000000	  0.000000	
  1.000000	  0.000000	  0.000000	  0.000000	

MOTIF M6 

letter-probability matrix: alength= 4 w= 13 nsites= 17 E= 0
  0.117647	  0.058824	  0.058824	  0.764706	
  0.000000	  0.000000	  0.176471	  0.823529	
  0.000000	  0.058824	  0.000000	  0.941176	
  0.000000	  0.000000	  0.000000	  1.000000	
  0.000000	  0.000000	  1.000000	  0.000000	
  1.000000	  0.000000	  0.000000	  0.000000	
  0.000000	  0.000000	  0.000000	  1.000000	
  0.000000	  0.000000	  1.000000	  0.000000	
  0.000000	  0.000000	  0.000000	  1.000000	
  1.000000	  0.000000	  0.000000	  0.000000	
  0.000000	  0.000000	  1.000000	  0.000000	
  0.058824	  0.117647	  0.117647	  0.705882	
  0.647059	  0.058824	  0.000000	  0.294118	

MOTIF M7 

letter-probability matrix: alength= 4 w= 15 nsites= 17 E= 0
  0.058824	  0.058824	  0.117647	  0.764706	
  0.058824	  0.058824	  0.764706	  0.117647	
  0.823529	  0.000000	  0.000000	  0.176471	
  0.117647	  0.000000	  0.117647	  0.764706	
  0.058824	  0.000000	  0.058824	  0.882353	
  0.000000	  0.000000	  0.000000	  1.000000	
  1.000000	  0.000000	  0.000000	  0.000000	
  0.000000	  0.000000	  1.000000	  0.000000	
  0.000000	  0.000000	  0.000000	  1.000000	
  0.000000	  0.000000	  1.000000	  0.000000	
  0.000000	  0.000000	  0.000000	  1.000000	
  0.000000	  0.000000	  0.000000	  1.000000	
  0.058824	  0.000000	  0.000000	  0.941176	
  0.058824	  0.000000	  0.941176	  0.000000	
  0.000000	  0.176471	  0.058824	  0.764706	

MOTIF M8 

letter-probability matrix: alength= 4 w= 10 nsites= 20 E= 0
  0.000000	  0.000000	  1.000000	  0.000000	
  0.000000	  0.000000	  0.000000	  1.000000	
  1.000000	  0.000000	  0.000000	  0.000000	
  0.000000	  0.000000	  0.000000	  1.000000	
  1.000000	  0.000000	  0.000000	  0.000000	
  0.000000	  1.000000	  0.000000	  0.000000	
  0.000000	  1.000000	  0.000000	  0.000000	
  0.000000	  0.000000	  0.000000	  1.000000	
  1.000000	  0.000000	  0.000000	  0.000000	
  0.650000	  0.100000	  0.000000	  0.250000	

MOTIF M9 

letter-probability matrix: alength= 4 w= 12 nsites= 11 E= 0
  0.090909	  0.090909	  0.727273	  0.090909	
  0.272727	  0.000000	  0.727273	  0.000000	
  1.000000	  0.000000	  0.000000	  0.000000	
  0.000000	  0.000000	  1.000000	  0.000000	
  0.000000	  0.000000	  1.000000	  0.000000	
  1.000000	  0.000000	  0.000000	  0.000000	
  0.000000	  0.000000	  1.000000	  0.000000	
  1.000000	  0.000000	  0.000000	  0.000000	
  0.000000	  1.000000	  0.000000	  0.000000	
  0.000000	  0.000000	  1.000000	  0.000000	
  0.000000	  0.000000	  0.000000	  1.000000	
  0.818182	  0.090909	  0.000000	  0.090909	

