MEME version 4

ALPHABET= ACGT

strands: + -

Background letter frequencies (from uniform background):
A 0.25000 C 0.25000 G 0.25000 T 0.25000 

MOTIF M1 

letter-probability matrix: alength= 4 w= 28 nsites= 528 E= 0
  0.284091	  0.149621	  0.125000	  0.441288	
  0.354167	  0.159091	  0.157197	  0.329545	
  0.342803	  0.187500	  0.109848	  0.359848	
  0.371212	  0.136364	  0.128788	  0.363636	
  0.321970	  0.181818	  0.106061	  0.390152	
  0.397727	  0.121212	  0.155303	  0.325758	
  0.323864	  0.143939	  0.132576	  0.399621	
  0.367424	  0.160985	  0.174242	  0.297348	
  0.193182	  0.382576	  0.079545	  0.344697	
  0.354167	  0.268939	  0.102273	  0.274621	
  0.000000	  0.000000	  0.000000	  1.000000	
  0.000000	  0.000000	  1.000000	  0.000000	
  0.000000	  0.000000	  0.000000	  1.000000	
  1.000000	  0.000000	  0.000000	  0.000000	
  0.465909	  0.314394	  0.000000	  0.219697	
  1.000000	  0.000000	  0.000000	  0.000000	
  0.000000	  0.000000	  0.000000	  1.000000	
  1.000000	  0.000000	  0.000000	  0.000000	
  0.287879	  0.147727	  0.181818	  0.382576	
  0.409091	  0.132576	  0.172348	  0.285985	
  0.344697	  0.128788	  0.098485	  0.428030	
  0.486742	  0.136364	  0.107955	  0.268939	
  0.339015	  0.140152	  0.126894	  0.393939	
  0.418561	  0.128788	  0.162879	  0.289773	
  0.318182	  0.151515	  0.134470	  0.395833	
  0.441288	  0.130682	  0.128788	  0.299242	
  0.361742	  0.145833	  0.107955	  0.384470	
  0.418561	  0.132576	  0.147727	  0.301136	

MOTIF M10 

letter-probability matrix: alength= 4 w= 9 nsites= 134 E= 0
  1.000000	  0.000000	  0.000000	  0.000000	
  0.791045	  0.000000	  0.208955	  0.000000	
  1.000000	  0.000000	  0.000000	  0.000000	
  1.000000	  0.000000	  0.000000	  0.000000	
  0.000000	  0.000000	  0.000000	  1.000000	
  0.000000	  0.000000	  0.000000	  1.000000	
  1.000000	  0.000000	  0.000000	  0.000000	
  0.000000	  0.000000	  0.000000	  1.000000	
  1.000000	  0.000000	  0.000000	  0.000000	

MOTIF M11 

letter-probability matrix: alength= 4 w= 10 nsites= 23 E= 0
  0.000000	  0.000000	  1.000000	  0.000000	
  1.000000	  0.000000	  0.000000	  0.000000	
  1.000000	  0.000000	  0.000000	  0.000000	
  0.434783	  0.000000	  0.217391	  0.347826	
  0.000000	  0.000000	  0.000000	  1.000000	
  1.000000	  0.000000	  0.000000	  0.000000	
  0.000000	  0.000000	  0.000000	  1.000000	
  0.000000	  0.000000	  0.000000	  1.000000	
  0.000000	  1.000000	  0.000000	  0.000000	
  1.000000	  0.000000	  0.000000	  0.000000	

MOTIF M12 

letter-probability matrix: alength= 4 w= 11 nsites= 12 E= 0
  0.000000	  1.000000	  0.000000	  0.000000	
  0.000000	  0.000000	  0.000000	  1.000000	
  0.416667	  0.000000	  0.000000	  0.583333	
  0.000000	  0.000000	  0.000000	  1.000000	
  0.000000	  0.000000	  1.000000	  0.000000	
  0.000000	  0.000000	  0.000000	  1.000000	
  0.000000	  0.000000	  0.000000	  1.000000	
  0.000000	  0.000000	  0.000000	  1.000000	
  0.000000	  0.000000	  0.000000	  1.000000	
  0.000000	  1.000000	  0.000000	  0.000000	
  0.166667	  0.000000	  0.000000	  0.833333	

MOTIF M13 

letter-probability matrix: alength= 4 w= 10 nsites= 11 E= 0
  0.000000	  0.000000	  1.000000	  0.000000	
  0.000000	  1.000000	  0.000000	  0.000000	
  0.000000	  0.000000	  0.000000	  1.000000	
  1.000000	  0.000000	  0.000000	  0.000000	
  0.000000	  1.000000	  0.000000	  0.000000	
  1.000000	  0.000000	  0.000000	  0.000000	
  0.000000	  0.000000	  0.000000	  1.000000	
  0.818182	  0.000000	  0.181818	  0.000000	
  0.727273	  0.000000	  0.000000	  0.272727	
  0.000000	  0.000000	  0.000000	  1.000000	

MOTIF M14 

letter-probability matrix: alength= 4 w= 9 nsites= 15 E= 0
  0.000000	  0.400000	  0.000000	  0.600000	
  0.000000	  0.000000	  1.000000	  0.000000	
  0.000000	  0.400000	  0.600000	  0.000000	
  0.000000	  1.000000	  0.000000	  0.000000	
  1.000000	  0.000000	  0.000000	  0.000000	
  1.000000	  0.000000	  0.000000	  0.000000	
  0.000000	  1.000000	  0.000000	  0.000000	
  0.000000	  0.000000	  0.000000	  1.000000	
  0.000000	  1.000000	  0.000000	  0.000000	

MOTIF M15 

letter-probability matrix: alength= 4 w= 9 nsites= 15 E= 0
  0.000000	  0.000000	  0.000000	  1.000000	
  0.000000	  0.000000	  1.000000	  0.000000	
  0.000000	  0.000000	  0.466667	  0.533333	
  0.666667	  0.200000	  0.133333	  0.000000	
  0.000000	  0.000000	  0.000000	  1.000000	
  1.000000	  0.000000	  0.000000	  0.000000	
  0.000000	  0.000000	  1.000000	  0.000000	
  0.000000	  0.000000	  1.000000	  0.000000	
  0.000000	  1.000000	  0.000000	  0.000000	

MOTIF M16 

letter-probability matrix: alength= 4 w= 10 nsites= 13 E= 0
  0.000000	  0.000000	  1.000000	  0.000000	
  0.000000	  0.000000	  0.000000	  1.000000	
  0.000000	  0.000000	  1.000000	  0.000000	
  1.000000	  0.000000	  0.000000	  0.000000	
  1.000000	  0.000000	  0.000000	  0.000000	
  1.000000	  0.000000	  0.000000	  0.000000	
  0.769231	  0.000000	  0.230769	  0.000000	
  0.615385	  0.000000	  0.000000	  0.384615	
  0.000000	  0.000000	  1.000000	  0.000000	
  0.000000	  1.000000	  0.000000	  0.000000	

MOTIF M17 

letter-probability matrix: alength= 4 w= 9 nsites= 16 E= 0
  1.000000	  0.000000	  0.000000	  0.000000	
  0.000000	  0.000000	  0.000000	  1.000000	
  0.437500	  0.000000	  0.562500	  0.000000	
  0.000000	  0.000000	  1.000000	  0.000000	
  0.000000	  1.000000	  0.000000	  0.000000	
  0.000000	  0.000000	  0.000000	  1.000000	
  0.625000	  0.375000	  0.000000	  0.000000	
  1.000000	  0.000000	  0.000000	  0.000000	
  0.000000	  1.000000	  0.000000	  0.000000	

MOTIF M18 

letter-probability matrix: alength= 4 w= 9 nsites= 69 E= 0
  0.000000	  0.000000	  0.000000	  1.000000	
  0.434783	  0.000000	  0.000000	  0.565217	
  0.666667	  0.000000	  0.333333	  0.000000	
  1.000000	  0.000000	  0.000000	  0.000000	
  1.000000	  0.000000	  0.000000	  0.000000	
  0.000000	  0.000000	  0.000000	  1.000000	
  0.000000	  1.000000	  0.000000	  0.000000	
  0.000000	  0.000000	  0.000000	  1.000000	
  1.000000	  0.000000	  0.000000	  0.000000	

MOTIF M19 

letter-probability matrix: alength= 4 w= 12 nsites= 25 E= 0
  0.240000	  0.320000	  0.080000	  0.360000	
  0.400000	  0.200000	  0.200000	  0.200000	
  0.000000	  1.000000	  0.000000	  0.000000	
  0.000000	  0.760000	  0.000000	  0.240000	
  0.000000	  0.000000	  0.000000	  1.000000	
  1.000000	  0.000000	  0.000000	  0.000000	
  0.000000	  0.000000	  0.000000	  1.000000	
  0.000000	  0.000000	  0.160000	  0.840000	
  0.200000	  0.000000	  0.080000	  0.720000	
  1.000000	  0.000000	  0.000000	  0.000000	
  0.000000	  0.000000	  0.000000	  1.000000	
  0.000000	  0.000000	  0.000000	  1.000000	

MOTIF M2 

letter-probability matrix: alength= 4 w= 10 nsites= 49 E= 0
  0.000000	  0.000000	  0.000000	  1.000000	
  1.000000	  0.000000	  0.000000	  0.000000	
  0.000000	  0.000000	  0.000000	  1.000000	
  0.000000	  0.000000	  0.000000	  1.000000	
  0.000000	  1.000000	  0.000000	  0.000000	
  0.000000	  0.000000	  0.000000	  1.000000	
  0.000000	  0.408163	  0.000000	  0.591837	
  1.000000	  0.000000	  0.000000	  0.000000	
  0.000000	  0.000000	  0.224490	  0.775510	
  0.000000	  0.000000	  0.000000	  1.000000	

MOTIF M20 

letter-probability matrix: alength= 4 w= 10 nsites= 21 E= 0
  0.380952	  0.095238	  0.142857	  0.380952	
  0.476190	  0.142857	  0.000000	  0.380952	
  0.000000	  0.000000	  1.000000	  0.000000	
  0.000000	  0.000000	  0.714286	  0.285714	
  0.000000	  0.000000	  1.000000	  0.000000	
  1.000000	  0.000000	  0.000000	  0.000000	
  1.000000	  0.000000	  0.000000	  0.000000	
  0.000000	  0.000000	  1.000000	  0.000000	
  0.000000	  1.000000	  0.000000	  0.000000	
  1.000000	  0.000000	  0.000000	  0.000000	

MOTIF M21 

letter-probability matrix: alength= 4 w= 10 nsites= 48 E= 0
  0.000000	  0.000000	  0.000000	  1.000000	
  0.000000	  0.000000	  1.000000	  0.000000	
  0.583333	  0.000000	  0.000000	  0.416667	
  1.000000	  0.000000	  0.000000	  0.000000	
  1.000000	  0.000000	  0.000000	  0.000000	
  1.000000	  0.000000	  0.000000	  0.000000	
  1.000000	  0.000000	  0.000000	  0.000000	
  0.000000	  0.000000	  1.000000	  0.000000	
  1.000000	  0.000000	  0.000000	  0.000000	
  0.500000	  0.125000	  0.125000	  0.250000	

MOTIF M22 

letter-probability matrix: alength= 4 w= 11 nsites= 72 E= 0
  0.250000	  0.055556	  0.111111	  0.583333	
  0.000000	  0.000000	  0.000000	  1.000000	
  1.000000	  0.000000	  0.000000	  0.000000	
  0.000000	  0.597222	  0.402778	  0.000000	
  0.000000	  0.000000	  0.000000	  1.000000	
  0.000000	  0.000000	  0.000000	  1.000000	
  0.000000	  0.000000	  0.000000	  1.000000	
  0.138889	  0.000000	  0.083333	  0.777778	
  0.000000	  0.000000	  0.000000	  1.000000	
  0.000000	  1.000000	  0.000000	  0.000000	
  0.152778	  0.138889	  0.055556	  0.652778	

MOTIF M23 

letter-probability matrix: alength= 4 w= 11 nsites= 20 E= 0
  0.000000	  0.000000	  0.000000	  1.000000	
  0.000000	  0.000000	  0.000000	  1.000000	
  1.000000	  0.000000	  0.000000	  0.000000	
  0.150000	  0.350000	  0.050000	  0.450000	
  0.000000	  0.000000	  0.000000	  1.000000	
  0.000000	  1.000000	  0.000000	  0.000000	
  0.950000	  0.000000	  0.050000	  0.000000	
  0.700000	  0.150000	  0.150000	  0.000000	
  0.000000	  1.000000	  0.000000	  0.000000	
  0.000000	  1.000000	  0.000000	  0.000000	
  0.450000	  0.150000	  0.150000	  0.250000	

MOTIF M3 

letter-probability matrix: alength= 4 w= 10 nsites= 81 E= 0
  1.000000	  0.000000	  0.000000	  0.000000	
  1.000000	  0.000000	  0.000000	  0.000000	
  0.000000	  0.000000	  0.000000	  1.000000	
  0.000000	  0.000000	  1.000000	  0.000000	
  1.000000	  0.000000	  0.000000	  0.000000	
  0.790123	  0.000000	  0.209877	  0.000000	
  0.753086	  0.246914	  0.000000	  0.000000	
  1.000000	  0.000000	  0.000000	  0.000000	
  1.000000	  0.000000	  0.000000	  0.000000	
  0.000000	  0.000000	  0.000000	  1.000000	

MOTIF M4 

letter-probability matrix: alength= 4 w= 10 nsites= 25 E= 0
  0.000000	  1.000000	  0.000000	  0.000000	
  1.000000	  0.000000	  0.000000	  0.000000	
  0.000000	  0.000000	  0.000000	  1.000000	
  0.520000	  0.000000	  0.120000	  0.360000	
  0.000000	  0.000000	  1.000000	  0.000000	
  0.000000	  1.000000	  0.000000	  0.000000	
  0.840000	  0.000000	  0.160000	  0.000000	
  0.000000	  0.000000	  0.000000	  1.000000	
  1.000000	  0.000000	  0.000000	  0.000000	
  0.000000	  0.000000	  0.000000	  1.000000	

MOTIF M5 

letter-probability matrix: alength= 4 w= 9 nsites= 25 E= 0
  0.000000	  0.000000	  0.000000	  1.000000	
  0.000000	  1.000000	  0.000000	  0.000000	
  0.000000	  0.000000	  0.000000	  1.000000	
  0.000000	  0.000000	  1.000000	  0.000000	
  0.000000	  0.000000	  0.000000	  1.000000	
  0.000000	  0.000000	  0.000000	  1.000000	
  0.000000	  1.000000	  0.000000	  0.000000	
  0.360000	  0.000000	  0.160000	  0.480000	
  0.000000	  1.000000	  0.000000	  0.000000	

MOTIF M6 

letter-probability matrix: alength= 4 w= 11 nsites= 118 E= 0
  0.000000	  0.000000	  0.000000	  1.000000	
  0.000000	  0.000000	  0.000000	  1.000000	
  0.000000	  0.000000	  0.000000	  1.000000	
  1.000000	  0.000000	  0.000000	  0.000000	
  0.000000	  0.000000	  0.000000	  1.000000	
  0.000000	  0.000000	  0.000000	  1.000000	
  0.161017	  0.000000	  0.000000	  0.838983	
  1.000000	  0.000000	  0.000000	  0.000000	
  0.000000	  0.000000	  0.000000	  1.000000	
  0.000000	  0.000000	  0.000000	  1.000000	
  0.000000	  0.000000	  0.059322	  0.940678	

MOTIF M7 

letter-probability matrix: alength= 4 w= 9 nsites= 23 E= 0
  1.000000	  0.000000	  0.000000	  0.000000	
  0.000000	  0.000000	  0.000000	  1.000000	
  0.000000	  1.000000	  0.000000	  0.000000	
  0.000000	  0.000000	  0.000000	  1.000000	
  0.000000	  1.000000	  0.000000	  0.000000	
  0.000000	  0.260870	  0.000000	  0.739130	
  0.000000	  0.000000	  1.000000	  0.000000	
  0.000000	  0.521739	  0.478261	  0.000000	
  0.000000	  0.000000	  0.000000	  1.000000	

MOTIF M8 

letter-probability matrix: alength= 4 w= 9 nsites= 29 E= 0
  1.000000	  0.000000	  0.000000	  0.000000	
  0.000000	  0.379310	  0.620690	  0.000000	
  0.000000	  1.000000	  0.000000	  0.000000	
  0.000000	  0.724138	  0.275862	  0.000000	
  1.000000	  0.000000	  0.000000	  0.000000	
  1.000000	  0.000000	  0.000000	  0.000000	
  0.000000	  0.000000	  0.000000	  1.000000	
  0.000000	  1.000000	  0.000000	  0.000000	
  0.000000	  0.000000	  0.000000	  1.000000	

MOTIF M9 

letter-probability matrix: alength= 4 w= 10 nsites= 36 E= 0
  0.000000	  0.000000	  0.000000	  1.000000	
  0.277778	  0.000000	  0.000000	  0.722222	
  0.000000	  0.000000	  0.000000	  1.000000	
  0.000000	  1.000000	  0.000000	  0.000000	
  1.000000	  0.000000	  0.000000	  0.000000	
  0.000000	  0.000000	  0.000000	  1.000000	
  0.000000	  0.000000	  0.000000	  1.000000	
  1.000000	  0.000000	  0.000000	  0.000000	
  0.000000	  0.000000	  0.000000	  1.000000	
  1.000000	  0.000000	  0.000000	  0.000000	

